1433143065661
1433144702403
1433142937207
1433143188326
1433144587295
1433143169412
1433143174880
1433144686588
1433144689922
1433143179721
1433142909509
1433144671432
1433143167758
1433143069648
1433142912737
1433144675475
1433144606508
1433144679072
1433143080194
1433142897737
1433143172236
1433143046695
1433142940478
1433144577738
1433143158187
1433143109779
1433143156165
1433143106209
1433142902820
1433142923198
1433143015780
1433143176967
1433143039610
1433143007506
1433144596314
1433143034363
1433144600427
1433144598320
1433143019185
1433142951119
1433142929406
1433144572996
1433142949203
1433142942486
1433144709336
1433144609186
1433143164900
1433144625678
1433144619733
1433144616537
1433144698783
1433143031455
1433143012457
1433142917056
1433144613213
1433143116058
1433143161949
1433143160227
1433143056701
1433144602563
1433144574882
1433143096043
1433143072400
1433143191333
1433143036625
1433144635027
1433143074384
1433144590807
1433143153113
1433144660477
1433143053145
1433144593612
1433143144139
1433143049098
1433142920298
1433143150584
1433143184282
1433143077499
1433143181762
1433143092729
1433144622261
1433144683986
1433144604478
1433143102161
1433142905647
