1432689317462
1432688160003
1432687833778
1432689051340
1432687822722
1432688883911
1432687685609
1432687976874
1432688441103
1432687604976
1432688380436
1432687673311
1432688103261
1432689229533
1432687591326
1432687844989
1432688091235
1432688490403
1432689241441
1432688386967
1432688818735
1432688629885
1432688986713
1432687842636
1432687869950
1432688771858
1432688083679
1432688066262
1432688291962
1432689220962
1432688827735
1432687707664
1432688665503
1432687700838
1432687796070
1432688005263
1432688335433
1432687694745
1432689014765
1432689325927
1432689105802
1432688753066
1432688937354
1432687663153
1432687858297
1432688932794
1432688834934
1432688419112
1432689241202
1432687799824
1432688783462
1432689177881
1432688282078
1432688389191
1432687881826
1432688162711
1432688477377
1432687880301
1432688279455
1432689219924
1432687732953
1432687594758
1432688307762
1432689104033
1432687713093
1432687825422
1432688882002
1432688631503
1432689036136
1432687996515
1432688391941
1432688562503
1432688903995
1432687682429
1432689018280
1432688739332
1432688295791
1432687975475
1432688873641
1432689041938
1432689272078
1432688329515
1432688339650
1432689214156
1432688633321
1432688148271
1432688486849
1432688375802
1432688569878
1432688050018
1432687784435
1432688424125
1432688935602
1432688154153
1432688460639
1432688406474
1432689044855
1432688354599
1432688165775
1432688320423
1432688452639
1432688129930
1432689020098
1432687963914
1432688824442
1432687873025
1432688851224
1432688099514
1432688416265
1432688829595
1432689263038
1432687839780
1432687804681
1432689331028
1432689343891
1432687907115
1432688259523
1432689261637
1432689111567
1432688930146
1432689195576
1432688744533
1432688664270
1432688499589
1432688661410
1432688894179
1432688993027
1432688264429
1432689186873
1432689112573
1432688645180
1432689257312
1432687914892
1432688023510
1432688657045
1432688266283
1432689057621
1432687849264
1432687837252
1432689235111
1432689003026
1432688175389
1432688433856
1432689199322
1432687947605
1432688849910
1432689315527
1432688576856
1432688315931
1432688318435
1432688642185
1432689099865
1432689164184
1432687902447
1432687709951
1432687835250
1432689030987
1432687943579
1432688186928
1432689273410
1432689207884
1432688789180
1432689265565
1432688778015
1432687900629
1432688421861
1432687674907
1432688305164
1432688816422
1432687502024
1432687778810
1432688303681
1432687909570
1432688311026
1432687718334
1432688473152
1432689034467
1432688927953
1432689347147
1432688591676
1432687974169
1432689320457
1432687861715
1432689332391
1432687900346
1432688567253
1432688048434
1432687920397
1432689151935
1432688119821
1432688876203
1432688414092
1432687912042
1432687606342
1432688780542
1432687810549
1432689110310
1432687656901
1432687653514
1432687690650
1432688899434
1432687922913
1432689198022
1432688095553
1432687597973
1432688673639
1432687715354
1432689025522
1432688785636
1432687814342
1432688096880
1432688363262
1432688009691
1432688125411
1432688435543
1432688774882
1432688627230
1432689298846
1432688647319
1432688474688
1432688285929
1432688449837
1432688342144
1432688976279
1432687958788
1432687916457
1432688045437
1432688051930
1432687874725
1432688201898
1432689295340
1432689006640
1432688137728
1432687727180
1432687928036
1432688457456
1432689081325
1432688804169
1432689022487
1432688256764
1432688254415
1432688041450
1432688125427
1432689158829
1432688301741
1432688741468
1432688086373
1432688847876
1432688836773
1432688088712
1432688870495
1432688336856
1432688462421
1432689175841
1432688094427
1432688623638
1432688839542
1432689209846
1432688480458
1432688144795
1432689054920
1432688273451
1432689328679
1432688439688
1432689259844
1432689156011
1432689143682
1432687697568
1432688890619
1432688327931
1432689108336
1432689182771
1432689146341
1432687807723
1432687781396
1432688798917
1432688683165
1432688808944
1432687968664
1432687913524
1432689266860
1432688901317
1432688867372
1432688431452
1432687596135
1432689173434
1432688429987
1432687925412
1432688810376
1432687903981
1432687787062
1432688019315
1432688497017
1432688790594
1432689093774
1432688769066
1432688365064
1432688981879
1432687965430
1432689309246
1432689166101
1432688923980
1432688750234
1432687828057
1432688858621
1432689253404
1432687941554
1432689201100
1432688845464
1432689086698
1432688299429
1432688832681
1432689325021
1432689287904
1432688997737
1432688650516
1432688444043
1432688587364
1432689171620
1432687854860
1432689162987
1432687917895
1432688872303
1432688276384
1432689301601
1432688360834
1432688806110
1432687945955
1432688000568
1432689248385
1432689195509
1432689340323
1432688868966
1432687852087
