1432285535868
1432278761248
1432279151952
1432278181637
1432283548298
1432277488628
1432284948554
1432284162004
1432281078753
1432281322937
1432282772609
1432278189768
1432281167641
1432277155713
1432280411835
1432285381938
1432277216068
1432281627570
1432283480396
1432282808614
1432284169000
1432284791240
1432277185413
1432278347789
1432280635843
1432280979104
1432283418517
1432280561075
1432283834894
1432285305283
1432277204432
1432278181782
1432280619081
1432277160493
1432280380998
1432280760305
1432277233531
1432285353621
1432284875114
1432285635427
1432285659947
1432280599220
1432285199047
1432281239157
1432280525980
1432282889594
1432282849361
1432281580796
1432278377985
1432285542410
1432284395134
1432284799753
1432278677931
1432282999846
1432282818388
1432280594973
1432281161421
1432282186145
1432281966648
1432284263002
1432277157824
1432281122858
1432285085944
1432284910839
1432280794103
1432278463916
1432283325109
1432282971756
1432283709693
1432285554018
1432277352810
1432281164185
1432280946902
1432283633022
1432282949082
1432280449998
1432285400438
1432281056279
1432284969294
1432280774196
1432280554581
1432282252479
1432285686233
1432284223136
1432277140625
1432283376806
1432280492211
1432284255219
1432284721195
1432283077670
1432282233656
1432282415754
1432284277497
1432279063116
1432283450194
1432277394506
1432278430605
1432283252042
1432283493559
1432282116628
1432285362800
1432281340639
1432285107467
1432278333526
1432282840154
1432285599968
1432283157998
1432284775939
1432281045002
1432284749640
1432283159913
1432280827219
1432279124836
1432284208971
1432280502205
1432281211948
1432285519465
1432282312551
1432283008873
1432280545933
1432277321474
1432277427063
1432283491579
1432279133585
1432283152915
1432281941269
1432282306142
1432285020999
1432284860620
1432281294950
1432283621508
1432284669894
1432284770480
1432284708950
1432280418278
1432281862749
1432285480640
1432284884789
1432280782396
1432284946289
1432281104334
1432281099515
1432284783478
1432278874043
1432284821171
1432278740354
1432281330741
1432281625499
1432285603903
1432284551288
1432281184012
1432284755669
1432284793659
1432283388089
1432280766622
1432278223781
1432281760470
1432283048130
1432278362292
1432283437024
1432281346371
1432283640208
1432277209133
1432278410732
1432280106998
1432284288189
1432278719650
1432284987601
1432284918283
1432279165362
1432285637962
1432286196171
1432281816102
1432283154907
1432283651463
1432286228315
1432280480063
1432281583086
1432281702346
1432285618111
1432282801702
1432283213045
1432282000893
1432277441301
1432277159672
1432280128896
1432283697475
1432284941780
1432283318734
1432281223316
1432281847539
1432286189730
1432285078187
1432285689776
1432280878710
1432285426905
1432281666691
1432282300131
1432282362152
1432277381266
1432283485473
1432280465945
1432283178106
1432283442639
1432282113594
1432278194502
1432277246291
1432280786314
1432286188095
1432285615028
1432281024862
1432285664730
1432281688681
1432280622686
1432282969550
1432278992992
1432280363666
1432283414424
1432285022834
1432279146721
1432285090145
1432278730819
1432284649887
1432280092149
1432285612579
1432285460469
1432282739114
1432282296173
1432285628269
1432284534368
1432277278003
1432285605853
1432280075649
1432277213880
1432282339344
1432277327150
1432280349978
1432281299774
1432282847797
1432281329039
1432283580546
1432278152408
1432283370507
1432279157339
1432277150838
1432281933999
1432283011949
1432281595383
1432278234257
1432281605349
1432277335497
1432285166007
1432278456166
1432281881372
1432277386090
1432281137232
1432278254343
1432283541540
1432278367795
1432281256679
1432282358415
1432284235645
1432280593194
1432281339043
1432282805421
1432280035188
1432281351605
1432284965854
1432277359428
1432284400480
1432285667422
1432285346082
1432285464301
1432281985140
1432283167335
1432282964751
1432280976157
1432285489113
1432281912572
1432284253740
1432278336500
1432280839944
1432284953805
1432277510413
1432282171466
1432281691868
1432285565283
1432285005516
1432280953152
1432283706779
1432277187760
1432284194402
1432279095830
1432277441912
1432285375965
1432280982788
1432285112382
1432281095671
1432280387164
1432285204916
1432283323168
1432281013134
1432284697481
1432282896500
1432284960556
1432281060231
1432281835444
1432283490139
1432280563981
1432280405756
1432277207567
1432280755458
1432283528181
1432282872194
1432283587835
1432282133670
1432284174024
1432281615335
1432284652041
1432281664455
1432282958310
1432280984618
1432281658896
1432285132701
1432280534284
1432281721750
1432285496973
1432281052759
1432282137832
1432284940257
1432283392986
1432283599248
1432282220897
1432279033193
1432277269436
1432280537323
1432281140130
1432283333801
1432280610556
1432280496364
1432280517619
1432282886415
1432282091834
1432282781165
1432283412377
1432285528751
1432277530749
1432282862699
1432277149449
1432282102137
1432285192361
1432281959486
1432284211828
1432285632333
1432277191314
1432282938327
1432283619183
1432284972586
1432281271034
1432282279148
1432285652227
1432281648654
1432277509894
1432283004420
1432281738494
1432277452982
1432277287677
1432284232595
1432283373682
1432282121604
1432284354018
1432279129909
1432286205339
1432282945101
1432283072676
1432284870171
1432281069020
1432282855437
1432285601303
1432284240484
1432284373744
1432285677598
1432284768731
1432286193831
1432282844659
1432282816153
1432278437746
1432283531141
1432281217452
1432281712969
1432281645789
1432285033604
1432282793936
1432285158898
1432280898776
1432283427649
1432277174250
1432278185710
1432277476927
1432279996221
1432277249107
1432283457116
1432278149306
1432277331607
1432278355738
1432277456041
1432283385866
1432283198103
1432286199993
1432282207135
1432284192619
1432280974425
1432278416068
1432284893495
1432277234893
1432280751456
1432283343391
1432280084602
1432281920960
1432280559094
1432283065466
1432278428361
1432283657630
1432279022025
1432281597847
1432282141665
1432282124709
1432285368920
1432278535652
1432280906405
1432282857943
1432282174627
1432277168332
1432278392334
1432281305152
1432285093248
1432280069717
1432277172380
1432281237483
1432283604927
1432284706196
1432280859720
1432283098300
1432283497303
1432283554624
1432281609723
1432283109684
1432278156689
1432285308826
1432280400267
1432277214982
1432281629298
1432284163608
1432281806518
1432277423500
1432282210131
1432284347211
1432282286582
1432281976525
1432284844502
1432284786517
1432283354060
1432282227630
1432278169670
1432281709307
1432283415938
1432285017591
1432285012352
1432278338808
1432281233568
1432277323046
1432277183642
1432285597130
1432285109523
1432283368509
1432282321133
1432284489657
1432285513364
1432285471873
1432286222164
1432283464130
1432280964835
1432282902729
1432286180960
1432281291921
1432281753487
1432280632290
1432280446900
1432278435574
1432281878874
1432279162144
1432283016789
1432280895796
1432277154621
1432282850779
1432283582154
1432284913596
1432282179238
1432284753140
1432281787297
1432280424162
1432285662399
1432280397086
1432277446384
1432283602947
1432282955440
1432285549719
1432281199791
1432282086139
1432285335646
1432281063956
1432283675132
1432277236250
1432283254329
1432285581012
1432281032710
1432279140978
1432280566766
1432283399072
1432282078132
1432285126947
1432284828979
1432284711182
1432283663907
1432278990236
1432283642165
1432280367140
1432285507270
1432280956118
1432286215268
1432280468289
1432279008200
1432283591730
1432283360927
1432283693631
1432277240768
1432280763032
1432281302451
1432283478744
1432285546346
1432280850638
1432281795444
1432284264987
1432283511686
1432283135929
1432285168576
1432284393447
1432284932988
1432277194971
1432283585214
1432285487943
1432280430306
1432280772981
1432281751183
1432282881118
1432281258270
1432284403910
1432278278965
1432282760327
1432280968854
1432278352106
1432278388614
1432280359254
1432278364815
1432284674477
1432285581442
1432284181447
1432278414622
1432283713398
1432283671804
1432286204890
1432285366519
1432278345426
1432282777136
1432285002368
1432284702305
1432280528720
1432282903676
1432281203651
1432283381916
1432286177959
1432284994094
1432284880679
1432281254574
1432280452453
1432282204140
1432284167130
1432277529749
1432281620504
1432285153307
1432281208770
1432283625325
1432285694184
1432281290262
1432278773368
1432280506975
1432283488450
1432283085910
1432285384782
1432282155577
1432280512251
1432282909624
1432283440935
1432283474477
1432284886253
1432280476343
1432280589233
1432277201807
1432282913399
1432285371702
1432278689422
1432284237927
1432277496214
1432283638502
1432280971951
1432280921964
1432284513390
1432283519058
1432282331922
1432285428142
1432281718172
1432283090408
1432285364871
1432282982150
1432282037131
1432280327529
1432285311586
1432281672846
1432285114107
1432280573594
1432285088307
1432277425315
1432283667961
1432284691295
1432281855266
1432283195759
1432281112240
1432282784207
1432281867621
1432282260900
1432283095391
1432281196484
1432281347859
1432282894833
1432284884247
1432277433674
1432284853688
1432280959627
1432283103879
1432280008646
1432280601796
1432283201756
1432282898078
1432285505240
1432277170866
1432278247760
1432282281612
1432284206089
1432280097119
1432285548385
1432285360980
1432284856244
1432284789548
1432285653528
1432283623760
1432281037911
1432283211394
1432283359723
1432281946389
1432280053810
1432277167623
1432285588149
1432284671544
1432284397366
1432284737021
1432277461132
1432278369031
1432281235288
1432280133191
1432281297494
1432278423614
1432282811166
1432283472201
1432285577077
1432282861513
1432279136282
1432282852167
1432283075032
1432283106046
1432283556553
1432280541755
1432280359132
1432281314498
1432282787265
1432283514250
1432281028473
1432282445376
1432278373915
1432283345836
1432280532056
1432283165505
1432278212184
1432280059039
1432284815310
1432278926440
1432277328445
1432282995270
1432282838510
1432282853881
1432280811244
1432283111412
1432278949849
1432283596376
1432278349714
1432278408781
1432283679105
1432280103300
1432284378730
1432278543850
1432281780363
1432283719070
1432281872112
1432282381874
1432283681100
1432285486509
1432281227941
1432284818310
1432285559090
1432277466363
1432277399598
1432277512465
1432282967115
1432283026207
1432281279744
1432283051096
1432285498941
1432283653253
1432284811327
1432283661106
1432278206291
1432283575977
1432281277872
1432280017331
1432280986418
1432284375776
1432282163369
1432278533161
1432280950628
1432284833067
1432283061073
1432282329622
1432282119531
1432280082975
1432277177114
1432277413321
1432280486638
1432277156773
1432285317136
1432280381587
1432282421377
1432277219914
1432277378733
1432283203788
1432277197260
1432282419469
1432285124367
1432282267915
1432281325023
1432278214915
1432284972279
1432283366230
1432285347957
1432281091876
1432283133558
1432281047720
1432277329856
1432281354780
1432281972126
1432284350248
1432285673674
1432283432642
1432283331479
1432278284870
1432281705616
1432283702786
1432277231830
1432282754619
1432278286019
1432283560729
1432278353938
1432281791635
1432281925500
1432281107156
1432284619574
1432279155768
1432282836284
1432283691313
1432283146156
1432285314437
1432280077850
1432284499554
1432284873534
1432283126927
1432283245489
1432277407930
1432285355676
1432282973711
1432280473144
1432284264794
1432280307307
1432285437288
1432282790526
1432282995333
1432277526534
1432281118405
1432277499795
1432282324641
1432282145277
1432284402265
1432281747112
1432283448344
1432284682816
1432283677231
1432280319446
1432282149846
1432282258131
1432285171697
1432285593806
1432283573787
1432284352363
1432279121436
1432281353486
1432281173795
1432280807837
1432281346422
1432285190388
1432280628278
1432282240317
1432282448025
1432278425792
1432277158904
1432281861062
1432284171873
1432282264649
1432284974326
1432282173130
1432281607377
1432281803072
1432277166243
1432285629936
1432284823746
1432284639698
1432285386343
1432281772030
1432282417598
1432283423124
1432283666424
1432282153108
1432281265367
1432280640637
1432280444507
1432281956022
1432281775082
1432284420847
1432284407732
1432284203516
1432283029294
1432282941172
1432285350948
1432284415480
1432283507908
1432280988229
1432280835271
1432282130138
1432282892775
1432284857758
1432285524870
1432285031655
1432280800554
1432283689837
1432280030489
1432278391165
1432285469943
1432286211775
1432285672647
1432280488868
1432278281581
1432285531814
1432280298109
1432282005413
1432280014351
1432285026088
1432282336822
1432284342587
1432282111746
1432281669484
1432284888772
1432284338550
1432283526366
1432285138039
1432283379862
1432284849612
1432281734035
1432280902575
1432285648121
1432282096143
1432281585486
1432279000653
1432281612418
1432284964563
1432281727346
1432280435791
1432281245888
1432283454177
1432277340193
1432281066565
1432285556485
1432277146492
1432283444674
1432281176744
1432282233879
1432281088384
1432281158802
1432278330461
1432282183137
1432277317650
1432285318943
1432285098832
1432277523638
1432285493620
1432285649489
1432281741431
1432283238382
1432282274164
1432284728271
1432283571443
1432284991548
1432280456446
1432283536704
1432277290203
1432284386127
1432277239094
1432285661168
1432281892995
1432282887955
1432282742073
1432281987402
1432285406102
1432284426454
1432277153627
1432279123360
1432284835861
1432285357543
1432284197295
1432283626801
1432280519750
1432284185909
1432282873444
1432285202567
1432277205843
1432281128580
1432280509554
1432278985893
1432277228194
1432282176723
1432277303046
1432278889148
1432284988911
1432284389419
1432283314176
1432285583925
1432280606277
1432281990460
1432282009256
1432282147748
1432282756298
1432281632156
1432285380858
1432278384523
1432284867269
1432281764414
1432277176058
1432281996313
1432281349436
1432286208986
1432281789435
1432281250834
1432280579884
1432282293645
1432280816979
1432284762653
1432284780514
1432278517863
1432283593473
1432281590390
1432285688778
1432283331337
1432282915002
1432281332739
1432285121355
1432281188092
1432284717273
1432285490564
1432278627625
1432285101666
1432281221662
1432278570256
1432277194302
1432284723186
1432284734139
1432282978201
1432278360450
1432285475098
1432281341963
1432284852039
1432283406166
1432282797708
1432282953580
1432283397022
1432285572252
1432277217172
1432285613676
1432284999776
1432277172110
1432285331591
1432280803130
1432282864960
1432281839676
1432283451791
1432282225594
1432283467167
1432284984949
1432281841649
1432280845399
1432284837380
1432285573922
1432282063129
1432282243978
1432282463323
1432285643607
1432285009157
1432282098452
1432278790061
1432278460398
1432277526176
1432277266332
1432284998091
1432283114616
1432283439312
1432281654022
1432282901951
1432279116812
1432280569333
1432277366728
1432281194194
1432280936839
1432280427352
1432283654823
1432281225949
1432281853446
1432281075623
1432282428204
1432283214976
1432278358478
1432280408637
1432277256236
1432283482445
1432281191091
1432280048561
1432284270395
1432283434513
1432281622718
1432282334745
1432284229849
1432277148041
1432280778315
1432282758075
1432284729591
1432281267336
1432280312416
1432280930673
1432279098918
1432282308582
1432281831904
1432281132522
1432279083929
1432277173029
1432280523513
1432277325797
1432281252487
1432283477051
1432281671069
1432282108334
1432285359575
1432285004320
1432284178501
1432284962678
1432284384163
1432278471566
1432285333869
1432283185107
1432282769509
1432282294641
1432284925472
1432282158631
1432281849243
1432280933555
1432282765001
1432284779024
1432282430133
1432284777606
1432284624108
1432278245476
1432282905599
1432277492154
1432284665496
1432283516091
1432278440776
1432278155234
1432283142782
1432283361722
1432277212341
1432285395335
1432277413828
1432283425967
1432277243720
1432285663561
1432277227063
1432284273480
1432280789916
1432284764473
1432283122969
1432280820613
1432285590269
1432281587829
1432281781194
1432285182449
1432277242463
1432284992454
1432285505199
1432284732194
1432281206324
1432282412694
1432284241785
1432284937172
1432277251903
1432283390561
1432278972617
1432283525167
1432283629845
1432284677221
1432284713351
1432283635954
1432283140683
1432283193917
1432282876350
1432281145258
1432281822124
1432285029663
1432282270719
1432278474516
1432277496335
1432280112665
1432281109883
1432280916801
1432277182450
1432278208089
1432283648864
1432283520618
1432282961116
1432283562743
1432283569496
1432284344132
1432281685235
1432283631561
1432285398402
1432277382314
1432283021000
1432283544955
1432285642547
1432279162599
1432283469992
1432281696900
1432285339655
1432284825816
1432283121362
1432280614806
1432285441164
1432281312054
1432284632424
1432282833562
1432277221181
1432282409177
1432285669744
1432278382065
1432281601820
1432285484621
1432281241785
1432278698833
1432283100616
1432282459586
1432281316243
1432285592394
1432277515022
1432281337444
1432283057324
1432281757190
1432283148340
1432281724010
1432278419528
1432277209929
1432277431636
1432278220496
1432281334541
1432279154141
1432285578432
1432285467118
1432279992377
1432284494775
1432283567363
1432283495390
1432284726585
1432284996201
1432282161637
1432284897969
1432280438858
1432285014290
1432284217624
1432285147700
1432281730242
1432278660172
1432281592975
1432277351085
1432280287950
1432280925828
1432281088252
1432283538578
1432285118667
1432286185271
1432283534192
1432285374013
1432279138214
1432277295850
1432283420921
1432279148557
1432282908320
1432281232127
1432284239342
1432282254613
1432282195351
1432283685370
1432283248427
1432279052516
1432280392277
1432281617258
1432283171712
1432282071525
1432277211127
1432281813767
1432285539426
1432285341521
1432279107038
1432280459277
1432277319793
1432281343212
1432280373739
1432286224500
1432280797289
1432285463021
1432281908415
1432285631147
1432281035446
1432282872681
1432282468084
1432283242916
1432281641666
1432284943488
1432281638058
1432283208472
1432284281392
1432285608774
1432284231413
1432282165565
1432277229204
1432284979845
1432280831816
1432277332770
1432281903304
1432281243760
1432280576359
1432281273378
1432283339158
1432278158501
1432283137669
1432280039346
1432281042601
1432281895183
1432284863001
1432281017899
1432283321070
1432281142399
1432279074304
1432280062170
1432285161425
